Respuestas:

1.1

ans =

  65.000000000000014

1.2

ans =

  13.524510772442541

1.3

ans =

  21.276765471473794

1.4

ans =

  65.000000000000014

1.5

>> rayleigh(A,x,tol,10000)

ans =

   0.447213595499958
   0.447213595499958
   0.447213595499958
   0.447213595499958
   0.447213595499958

pregunta 2:

va =

  1.0e+002 *

   2.249999999999999
   0.180901699437494
   0.180901699437494
   0.069098300562506
   0.069098300562505

ma =

  1.0e+002 *

  Columns 1 through 3

   2.249999999999999  -0.000000000000000  -0.000000000000000
   0.000000000000000   0.180901699437494  -0.000000000000000
   0.000000000000000  -0.000000000000000   0.180901699437494
   0.000000000000000  -0.000000000000000   0.000000000000000
   0.000000000000000  -0.000000000000000   0.000000000000000

  Columns 4 through 5

  -0.000000000000000  -0.000000000000000
   0.000000000000000   0.000000000000000
   0.000000000000000   0.000000000000000
   0.069098300562506   0.000000000000000
   0.000000000000000   0.069098300562505

vb =

   8.916667690666657
  -0.999980543947683
  -0.999636455474856
  -0.993973768167317
  -0.923076923076923


mb =

  1.0e+002 *

  Columns 1 through 3

   0.089166676906667   6.378747265871612   1.275269728658144
   6.378747265871612  -0.009999805439477  -0.001999209035553
   1.275269728658143  -0.001999209035552  -0.009996364554749
   0.253406485572261  -0.000397259124277  -0.001986359084194
   0.046116910657051  -0.000072296348298  -0.000361493290954

  Columns 4 through 5

   0.253406485572261   0.046116910657050
  -0.000397259124277  -0.000072296348298
  -0.001986359084194  -0.000361493290954
  -0.009939737681673  -0.001808911850007
  -0.001808911850007  -0.009230769230769

2.2)

>> potencia(B,x,tol,max)

ans =

   225

>> potencia(C,x,tol,max)

ans =

    6.549434950873313e+002
