format long
x = (10000000000 + 10000000001 + 10000000002)/3;

V= 1/2*((10000000000-x)^2 + (10000000001-x)^2 + (10000000002-x)^2);

x
V