M1=10000000000;
M2=M1+(10000000001-M1)/2;
M3=M2+(10000000002-M2)/3;

Q1=0;
Q2=Q1+((2-1)*(10000000001-M1)^2)/2;
Q3=Q2+(((3-1)*(10000000002-M2)^2))/3;

V=Q3/2;
V
