format long
x = (10000000000 + 10000000001 + 10000000002)/3;

V= 1/2*((10000000000)^2+(10000000001)^2+(10000000002)^2 - 1/3*((10000000000 + 10000000001 + 10000000002)^2));

x
V